500
696 828 696
439 211 140
3 1 972
646 640 112
450 761 16
577 561 875
761 800 889
837 978 75
997 1000 1000
2 1000 1000
62 791 522
842 162 842
854 242 941
1 1000 1
754 977 247
532 679 910
470 855 235
586 935 233
545 759 468
958 645 219
152 289 804
467 660 467
100 352 403
402 811 768
92 737 468
384 782 128
106 661 456
960 843 556
634 414 634
853 645 704
145 526 811
2 1000 997
954 131 954
590 710 590
1000 2 1
500 1000 729
483 897 69
1 1 997
217 776 217
342 506 760
673 951 151
992 637 804
3 1 997
946 149 11
131 769 338
976 852 22
1000 2 1000
686 59 839
978 570 978
490 614 714
927 768 314
660 978 254
2 3 2
272 122 164
84 417 42
53 362 220
860 248 113
942 38 942
485 722 395
169 737 181
722 224 914
2 3 1
634 350 317
744 876 372
574 712 989
150 605 150
940 460 235
133 452 194
384 522 320
2 1 8
786 205 227
3 2 1
15 1 1
211 931 788
2 1000 778
2 1000 1
580 990 286
955 450 955
553 782 451
729 768 81
147 977 833
935 730 182
790 680 322
210 819 222
6 1 128
234 962 117
661 901 808
189 573 931
83 956 203
762 861 680
984 1000 492
15 1 997
163 74 598
835 92 835
605 312 629
43 255 43
100 563 383
490 246 456
553 564 436
91 805 121
97 862 113
735 846 544
298 702 930
995 770 480
2 1 2
750 531 750
2 3 1000
324 164 613
737 782 737
609 709 949
104 509 147
580 878 116
799 353 890
632 694 632
944 267 976
713 362 713
252 502 661
830 616 830
319 204 449
553 476 553
246 984 77
614 855 335
876 148 438
991 1000 997
752 908 752
352 577 88
629 102 629
352 627 320
456 103 565
437 37 23
127 132 947
242 271 934
337 809 117
807 642 269
344 545 511
622 292 622
952 950 936
675 602 250
620 542 819
52 865 460
955 31 955
344 995 965
430 585 430
237 662 429
1000 1 997
113 659 659
320 331 391
184 554 83
248 364 961
689 859 808
210 870 872
2 1 1
880 524 818
103 696 235
675 762 365
605 988 605
432 683 72
656 684 656
3 2 974
688 593 534
932 789 965
455 609 670
277 822 277
248 510 536
958 853 958
914 675 457
540 567 527
419 993 187
67 73 476
995 272 994
832 662 832
2 2 97
462 982 889
748 503 748
2 1 1000
800 153 800
1000 789 456
48 926 400
443 559 477
997 1000 997
426 324 40
987 730 737
110 370 901
502 981 808
466 610 233
644 935 527
4 1 2
460 734 340
576 155 576
3 2 997
1000 1000 1000
1000 1 1000
653 70 653
678 688 351
613 519 707
15 1 1000
4 2 1
866 477 694
1 1 1
254 705 285
1000 1000 1
236 921 36
525 980 783
201 417 201
667 987 667
997 1000 2
698 668 985
4 1 1
191 715 694
346 669 771
494 449 33
4 2 1000
704 968 704
492 788 548
512 515 462
920 410 760
579 546 928
611 984 611
835 768 866
985 680 9
39 255 77
407 515 784
250 260 577
380 428 300
917 970 854
156 793 78
563 214 563
347 944 842
676 890 676
893 730 893
212 821 273
92 795 117
2 1000 971
10 541 410
952 582 952
770 860 673
64 829 7
605 902 605
2 2 1
733 589 568
1000 2 2
865 844 173
11 510 739
997 1000 1
797 714 556
84 199 126
925 978 925
615 616 441
3 1 2
891 261 297
993 398 903
824 547 226
887 288 705
15 2 1000
83 682 602
36 748 629
261 747 214
991 1000 1
762 153 381
216 753 216
949 442 949
710 825 294
428 706 437
140 560 891
586 340 293
232 970 932
551 983 586
6 2 514
134 400 134
15 2 997
62 314 45
665 540 665
971 363 971
4 289 526
929 785 929
15 3 997
2 2 512
2 2 1000
485 835 485
798 982 480
408 519 975
1 1 1000
795 713 890
872 279 218
171 602 129
567 306 968
742 982 337
622 561 622
499 337 499
303 555 215
357 958 84
781 96 407
610 152 939
836 810 603
598 914 598
794 386 457
525 615 771
15 3 2
957 589 319
3 2 2
980 375 851
281 917 53
78 644 677
623 571 595
874 420 874
217 949 691
202 956 477
512 824 118
781 585 215
708 273 236
861 271 287
540 967 916
985 250 447
2 1000 2
876 690 876
525 805 141
648 424 326
720 87 720
1 1000 1000
1 575 399
15 2 1
7 1000 719
651 484 651
916 925 692
15 1 2
2 1 997
189 303 189
2 3 997
503 1000 566
634 11 634
900 58 300
15 3 1000
518 198 83
194 569 131
574 518 574
258 710 419
296 758 37
82 536 676
479 872 479
942 210 942
1 1 2
903 980 157
798 976 536
3 2 487
792 267 24
660 423 660
3 629 266
943 458 943
588 710 62
918 471 918
4 2 997
658 858 821
786 571 201
7 719 964
592 822 800
327 560 228
133 708 773
542 600 745
227 85 424
366 383 568
628 224 628
751 581 542
2 2 970
117 793 431
466 634 305
954 591 41
998 314 410
145 937 145
615 808 468
263 247 903
458 621 152
781 518 707
206 402 689
445 544 770
151 655 278
4 1 997
541 785 172
359 848 784
667 610 833
991 1000 2
192 760 580
1 1000 997
549 415 509
68 39 179
747 762 155
3 1 1
572 178 572
647 987 993
729 737 633
483 201 937
250 998 534
191 743 562
543 597 318
920 663 604
360 515 360
632 442 316
586 207 293
399 676 501
536 735 91
502 872 502
558 359 93
6 2 771
3 2 1000
648 610 72
152 904 494
568 501 633
896 794 448
243 222 186
2 2 2
798 674 399
798 768 183
249 801 81
21 499 139
887 714 887
112 422 296
962 589 594
77 364 723
578 922 578
536 370 536
706 409 706
265 697 538
6 1 896
791 928 714
4 1 512
401 809 401
3 1 1000
490 825 575
6 2 257
287 537 804
628 791 631
231 58 454
412 824 412
1000 2 997
976 367 976
256 980 256
487 931 487
594 41 594
952 799 484
482 983 699
931 329 435
743 162 743
475 145 475
177 311 177
984 212 328
318 856 362
478 439 149
250 315 506
909 592 860
520 387 260
780 789 60
692 927 317
223 681 46
949 689 943
2 2 997
582 200 580
425 920 554
277 962 919
369 627 903
535 759 366
502 359 502
330 850 160
953 204 953
833 407 207
850 855 170
2 1000 389
4 1 1000
70 19 379
72 405 944
686 669 409
480 648 578
379 671 379
130 344 215
439 570 472
22 735 627
1000 1 2
15 2 2
880 110 919
4 2 2
880 694 777
841 969 954
3 1 81
2 1000 773
949 435 203
927 939 934
1 1000 2
794 168 794
1000 1000 997
15 3 1
617 70 617
767 588 767
433 693 429
1000 1000 2
991 1000 1000
1000 1 1
983 638 198
227 126 59
240 89 193
241 915 455
600 607 600
433 331 433
