40
-733 377 22 3
921 -140 87 86
922 -605 39 39
368 158 33 87
29 -559 28 75
48 376 39 11
769 757 60 63
929 -701 51 70
124 -548 53 88
-254 -646 97 12
96 799 5 68
-406 820 27 95
505 -334 84 20
-413 538 91 29
221 71 53 63
-321 -226 66 37
-204 491 52 70
376 920 89 29
121 598 55 88
-424 158 88 77
219 -654 41 20
777 390 22 30
-447 -119 23 99
357 617 88 51
1000 250 6 82
-784 -446 39 12
-619 -755 29 46
-536 932 87 35
285 -999 14 95
601 -970 53 78
-657 223 75 37
345 293 37 95
798 175 11 27
783 23 57 48
272 -913 51 85
-946 631 42 100
-916 955 97 93
531 -123 62 20
-926 -381 60 88
-847 522 98 59
4
-3 -4 5 0
6 8 10 0
-28 46 20 0
382 -324 30 0
5
200 0 1 0
100 0 1 0
0 0 50 0
-100 0 1 0
-200 0 1 0
6
-2 -2 1 1
2 2 2 0
5 7 1 1
8 0 3 1
13 4 1 1
16 1 1 2
3
0 0 2 1
10 0 2 1
0 10 2 1
3
0 0 2 1
10 0 2 1
0 6 2 1
3
0 0 2 1
10 0 2 1
0 4 2 1
1
0 0 1 1
21
0 15 1 1
3 15 1 1
6 15 1 1
9 15 1 1
12 15 1 1
15 15 1 1
13 13 1 1
11 11 1 1
9 9 1 1
7 7 1 1
5 5 1 1
3 3 1 1
1 1 1 1
0 -1 1 1
1 -3 1 1
4 -3 1 1
7 -3 1 1
10 -3 1 1
13 -3 1 1
16 -3 1 1
16 -1 1 1
4
-1000 -1000 1 100
-1000 1000 100 0
1000 -1000 100 100
1000 1000 1 0
1
-405 -338 88 43
50
-530 978 61 34
-57 -983 45 74
443 480 79 59
-13 410 38 69
1000 -389 89 15
664 -716 48 10
749 -226 10 46
841 -96 33 56
902 -569 58 12
132 -242 19 73
914 -3 20 66
-251 -668 18 92
-220 -877 85 70
-364 113 76 86
-198 -269 37 73
-3 -250 72 48
562 293 64 2
915 80 1 4
38 484 44 3
810 -503 13 15
-265 249 4 41
790 881 51 44
591 -873 48 23
-788 572 17 6
-762 803 46 47
734 -147 39 88
605 -153 87 93
-369 353 5 38
-361 -167 50 13
181 908 82 14
-277 631 89 67
965 -721 12 8
56 215 80 81
-648 -564 68 40
-118 716 17 84
-580 -460 27 94
688 -433 13 100
844 101 44 47
254 -364 13 12
301 296 27 25
-899 715 70 31
527 409 23 92
-529 725 61 27
-797 55 29 54
-646 -425 1 94
-52 934 32 7
-243 -158 15 78
-564 577 1 32
-596 -880 45 35
219 184 26 58
50
540 841 1 0
430 902 1 0
314 949 1 0
192 981 1 0
68 997 1 0
-57 998 1 0
-182 983 1 0
-303 952 1 0
-420 907 1 0
-531 847 1 0
-633 773 1 0
-725 688 1 0
-805 592 1 0
-873 486 1 0
-927 373 1 0
-967 253 1 0
-991 130 1 0
-999 5 1 0
-992 -120 1 0
-969 -243 1 0
-931 -363 1 0
-878 -477 1 0
-812 -583 1 0
-732 -680 1 0
-641 -767 1 0
-540 -841 1 0
-430 -902 1 0
-314 -949 1 0
-192 -981 1 0
-68 -997 1 0
57 -998 1 0
182 -983 1 0
303 -952 1 0
420 -907 1 0
531 -847 1 0
633 -773 1 0
725 -688 1 0
805 -592 1 0
873 -486 1 0
927 -373 1 0
967 -253 1 0
991 -130 1 0
999 -5 1 0
992 120 1 0
969 243 1 0
931 363 1 0
878 477 1 0
812 583 1 0
732 680 1 0
641 767 1 0
50
168 696 87 87
-62 348 97 92
574 562 4 50
950 777 84 100
-590 520 17 96
701 454 94 71
369 725 80 99
704 677 4 89
-827 324 76 98
-404 394 24 97
-284 447 29 76
-121 520 2 56
113 532 11 50
91 491 22 36
12 477 44 25
10 656 39 98
-647 455 8 65
392 391 75 100
-221 635 91 80
571 724 65 90
163 477 47 33
753 660 26 81
889 412 95 99
921 608 9 83
494 541 4 73
353 527 2 97
-945 491 5 91
-219 505 16 36
-487 376 31 100
250 609 11 95
-999 391 29 69
-894 408 9 65
-210 531 2 54
18 547 2 90
-828 643 69 96
-798 528 15 98
-415 564 20 75
-527 591 73 62
-622 526 1 53
-263 501 14 34
-342 604 13 97
317 595 20 95
178 581 4 48
400 530 33 58
-155 433 21 95
488 646 46 62
633 613 2 50
-827 433 14 75
-446 498 4 26
677 623 23 100
32
260 681 21 54
184 861 52 85
-529 -926 21 92
-195 649 21 87
-105 896 49 22
-606 567 1 98
586 513 26 30
752 -961 84 28
576 -364 91 22
-459 770 69 58
-909 -447 96 98
867 621 3 29
182 696 36 92
185 -93 62 96
-244 -250 46 61
-668 -617 31 20
709 981 63 82
802 -41 2 49
-269 -71 87 66
414 941 52 22
-373 -262 1 50
333 -924 83 0
-942 -54 70 49
-851 753 94 32
441 113 34 96
-934 -681 23 9
-139 -777 42 69
815 514 7 95
-294 -535 28 83
-507 378 87 40
-592 -70 41 47
977 -40 64 11
31
797 761 6 68
429 -491 48 84
111 -700 39 73
-637 -823 40 72
49 -499 39 15
276 -840 37 48
180 -580 71 28
-711 978 64 76
-990 314 98 89
-7 1 17 24
935 969 77 3
-33 513 71 35
-902 186 57 45
-225 -901 27 60
-815 20 9 47
-36 -117 99 47
510 427 57 56
-218 608 96 8
40 -780 52 7
348 86 17 87
187 976 99 59
570 708 7 90
-780 117 81 80
-123 318 94 31
-463 -39 78 27
780 -177 89 23
502 801 32 9
989 439 66 80
217 -777 13 3
-565 198 61 100
-733 795 96 44
9
709 112 74 23
-361 -762 50 30
402 -344 14 45
31 -460 50 15
461 202 30 5
-293 -76 58 93
962 -539 30 79
686 451 20 32
798 -214 17 37
47
139 -547 28 26
-762 326 42 8
-110 -95 26 56
984 612 73 12
116 327 65 76
331 495 20 6
581 -122 52 78
152 -622 16 34
225 553 43 74
-6 398 54 55
-573 -617 67 49
680 365 23 40
106 -202 93 67
781 509 3 28
-660 244 72 68
-889 -842 3 52
-690 837 53 65
415 -670 37 45
-748 -218 64 78
196 -407 88 54
-512 865 28 27
-917 110 62 53
-244 792 46 26
638 198 35 16
-122 875 22 72
628 -454 75 20
-906 -773 11 27
441 -14 39 6
684 780 7 83
-811 -582 89 35
969 -99 92 49
308 545 18 9
304 971 68 62
670 615 59 14
-109 -784 29 88
77 -378 13 27
-749 -366 78 20
-886 898 97 94
-901 399 83 41
239 398 47 59
-146 -966 84 21
-694 -70 87 72
987 -983 60 100
-369 -746 19 39
-790 589 50 79
-685 -968 9 45
-922 277 10 41
38
155 -311 49 87
325 752 47 49
-946 -569 65 51
-267 611 20 21
882 -587 89 29
691 -757 69 42
-23 -256 74 76
-603 -944 46 69
-147 -638 1 1
-401 5 76 13
625 -452 30 97
-706 -166 31 92
-267 953 84 65
-696 312 96 68
-673 106 56 61
302 938 56 66
-320 -486 26 34
-115 336 56 69
-799 -826 19 24
-979 283 51 84
-941 -222 48 71
-117 -53 22 59
474 997 33 1
444 25 72 69
-835 -674 83 68
-5 -573 32 34
-30 583 34 56
844 -100 20 23
170 -64 69 92
658 588 48 88
-669 -845 14 20
208 -549 4 11
269 -530 8 33
241 470 60 85
-22 -991 17 34
425 401 2 79
30 -951 45 52
-917 434 76 48
42
-324 -507 12 31
886 -65 3 12
581 44 22 30
-287 411 36 74
994 580 88 77
-6 -661 77 82
533 -922 84 94
400 484 56 65
-959 769 12 71
348 661 67 12
-897 519 84 13
-653 799 60 73
-292 994 89 53
-55 174 44 78
274 842 47 32
-741 -410 99 0
-125 -160 41 23
956 -909 2 88
-266 587 39 88
-582 421 64 53
6 -918 27 90
-250 -377 35 68
-791 676 73 83
285 -857 93 7
-73 62 45 9
-523 295 57 17
-821 -89 35 23
-876 -725 75 21
-268 -969 13 78
-503 -528 82 49
-438 222 48 38
-991 909 12 47
-746 400 75 98
-727 -576 7 92
-362 -365 47 38
553 456 8 99
570 -513 71 85
-503 649 23 64
-522 -172 78 43
-718 -872 18 77
-661 -840 23 12
-535 892 26 62
47
-504 544 18 60
-878 599 62 83
-203 -294 48 60
12 46 20 34
-847 -821 33 93
-684 -207 62 35
-513 327 86 77
-126 942 41 66
914 -208 81 98
439 -209 79 99
545 2 34 68
-790 -509 33 16
396 134 54 74
-978 645 5 11
544 612 73 49
12 -368 36 12
-129 806 91 60
418 856 73 59
653 689 10 100
-923 -140 90 56
292 130 49 47
750 91 81 97
-707 624 61 61
698 -767 45 45
686 958 73 57
200 125 29 33
-591 109 60 37
927 -927 94 31
514 -370 54 46
-34 -768 40 68
-500 -177 26 67
887 -817 4 43
-710 -13 48 77
-440 216 39 45
-604 -850 34 78
120 -403 23 21
332 508 71 29
410 -60 49 12
-25 168 42 53
41 75 19 27
-268 -862 93 19
-129 -691 44 27
713 -203 70 18
996 638 34 42
25 550 80 80
140 205 43 49
-770 -146 32 17
29
-407 898 39 71
627 -120 1 85
808 212 24 53
-930 -826 11 27
-72 785 47 0
290 275 2 18
9 530 48 9
258 -172 79 87
-95 -535 96 91
322 155 63 22
576 -270 42 16
723 622 62 47
-556 -167 7 55
923 -117 31 85
919 -424 17 49
739 -83 89 5
-114 -338 23 17
-411 456 51 97
0 -975 60 11
-460 635 85 59
465 653 29 25
428 946 59 94
355 -142 11 79
945 -866 81 52
-193 63 23 88
293 -766 84 89
-264 874 33 86
-660 717 20 7
157 323 57 53
30
507 686 73 37
337 708 53 48
-258 -772 66 14
683 -225 17 15
892 914 92 48
307 58 58 95
775 669 29 78
-724 -994 31 53
541 304 99 0
953 -799 32 51
-270 172 73 36
-528 -642 33 77
229 -106 37 16
340 -795 18 86
-202 780 47 90
-287 349 33 93
-159 -932 17 85
-532 780 43 5
-312 -580 18 5
-968 63 75 28
591 -807 19 21
-562 91 81 45
868 713 49 98
-741 212 47 0
977 501 10 32
-266 -656 39 40
-562 365 65 48
-8 -5 73 18
377 537 72 47
497 -878 37 88
41
-519 183 93 99
571 416 47 9
263 916 98 27
-240 82 20 45
-691 619 5 70
68 363 53 33
405 -791 97 100
-830 22 44 92
894 -424 81 47
-698 853 99 92
607 0 86 8
601 -566 43 99
662 223 92 37
-38 428 39 72
-68 -828 58 64
356 -237 94 42
-366 -137 10 63
-473 -266 22 24
633 -295 5 91
383 532 81 17
967 703 58 37
154 367 11 11
-904 -29 29 59
-416 -378 78 27
-424 329 48 10
234 -267 18 18
-797 -884 43 74
-611 -804 7 48
-988 557 36 89
299 -453 25 99
473 62 22 4
357 235 25 96
835 758 77 93
-20 202 36 97
-272 -716 89 85
-888 371 94 89
-575 -463 68 28
395 126 77 33
-627 271 3 61
-907 -263 59 56
-541 904 38 60
23
970 575 34 82
-924 -112 84 98
-327 -389 36 64
456 17 6 92
-637 53 71 58
-406 -832 83 20
-124 -841 33 88
-890 -270 51 15
54 372 76 62
33 885 70 92
21 -573 45 82
-355 831 18 82
222 288 2 50
-732 221 16 2
728 926 88 44
675 542 53 32
531 -969 27 83
-462 -179 49 80
-778 178 24 40
-161 784 57 64
61 526 33 18
456 -623 31 61
-236 424 75 52
24
-523 35 96 64
325 -927 18 28
-634 618 7 16
384 -157 12 51
253 711 16 44
-239 906 89 76
636 626 66 69
805 918 16 62
-73 -885 88 30
-924 900 11 20
-978 56 46 97
932 -381 88 0
-454 969 44 27
-674 467 69 11
913 -82 42 80
-416 -998 31 79
633 537 22 0
406 -49 94 83
883 -701 28 77
422 -895 48 0
168 -980 85 34
-364 453 33 100
406 986 97 69
620 -175 70 11
24
208 -288 23 63
-366 615 5 88
-615 -803 24 81
570 704 10 40
613 223 78 73
275 -190 13 100
-165 -933 56 53
-773 423 23 12
879 -845 61 67
-633 -358 67 92
-113 389 90 76
672 -903 45 86
394 -391 26 34
450 -143 43 24
932 -972 72 3
-28 982 92 91
593 805 87 99
653 -490 55 96
-559 601 92 8
997 -44 77 15
447 -303 45 3
-992 -670 63 9
-979 -140 4 58
534 -866 87 57
2
701 463 39 40
-336 -130 95 3
30
363 87 11 57
-947 -210 59 22
-348 -72 84 67
588 173 94 75
-772 915 5 58
666 909 69 77
-47 881 70 2
-648 -353 6 27
650 737 32 90
-721 -422 11 33
250 -959 54 81
-821 -192 57 96
-827 455 95 88
467 -369 24 91
-437 -277 86 80
-119 495 97 100
822 -71 92 75
-613 -841 85 15
549 864 5 56
299 755 62 99
-640 -508 89 60
-231 -950 14 87
-871 -650 51 12
-301 -603 81 18
-310 787 58 72
-529 931 79 3
-893 599 16 26
-204 -264 71 85
302 932 56 88
-146 237 7 100
39
-794 -45 86 0
-648 41 52 57
265 39 32 20
50 523 88 74
101 -452 32 42
230 839 29 86
-571 -341 86 62
-564 -198 38 63
174 686 3 11
866 10 59 43
-25 198 25 82
531 -28 67 89
-721 -471 48 61
323 -921 78 49
-455 -845 13 41
-369 174 20 67
707 -913 66 48
-548 691 10 56
-637 431 86 2
828 -307 26 62
361 -672 43 49
140 861 46 72
-342 -59 61 27
153 239 4 81
-318 302 98 28
-201 -26 24 41
-140 -97 26 77
753 545 77 26
576 -911 44 51
450 219 1 95
864 -636 5 36
-141 295 39 76
312 424 86 8
575 918 51 88
513 -792 45 70
-749 204 69 82
275 -153 31 83
250 771 31 90
151 -104 80 92
11
-503 -654 39 98
-105 -23 14 70
208 512 98 24
-341 -703 67 93
768 877 7 51
387 -819 63 21
-789 434 97 75
340 629 42 19
-946 -332 69 94
824 -310 86 59
-496 11 83 4
10
134 744 81 74
817 854 59 47
-810 -673 11 35
433 -233 68 76
-392 987 4 89
104 -896 79 41
468 758 73 92
692 175 37 79
335 -791 59 23
-111 -465 8 62
35
327 416 52 7
290 875 28 51
96 573 96 46
-72 -218 11 47
960 882 10 78
26 370 24 23
993 -1000 64 48
-476 788 82 17
-831 821 12 43
-437 -453 14 44
-903 -60 1 5
497 -945 93 52
-164 539 69 15
-876 -988 53 13
304 -212 39 2
-561 213 13 62
-413 -107 84 27
884 -191 62 54
-818 -570 90 98
-90 122 74 98
-588 837 11 14
-246 -666 46 56
102 -557 67 48
856 232 32 65
414 -719 83 39
-167 -780 71 85
153 458 24 54
-428 115 84 86
748 991 50 54
-697 -89 86 61
164 -155 66 90
-639 89 28 76
137 191 37 31
-176 860 45 63
-478 -746 57 26
44
888 -722 13 40
-833 323 59 34
198 416 60 75
790 -47 13 19
-315 -670 100 77
183 931 2 8
760 -871 7 40
578 -507 50 41
-789 161 76 94
728 908 37 5
-683 -447 35 79
802 -956 25 57
-969 -550 68 65
-471 -709 11 18
-823 493 75 4
-248 826 89 10
-765 -617 16 59
450 406 85 9
311 -153 64 39
-300 -424 60 23
-448 -326 47 62
96 -809 76 82
10 265 41 52
997 -565 67 6
-217 57 73 83
-27 -989 62 80
768 -488 28 96
978 -321 2 96
887 -367 96 8
-97 320 60 74
-983 -45 7 97
-630 427 65 88
562 203 69 38
396 -971 80 23
-299 -937 11 80
-94 -95 88 52
860 739 44 39
-131 902 24 51
-608 551 34 59
-484 504 46 16
-46 -637 42 15
-383 -504 46 23
271 -633 71 14
-833 -308 98 78
48
49 -663 80 12
169 436 5 87
-208 -456 63 72
-883 -474 93 53
-732 919 77 25
989 -899 33 38
536 284 43 27
-656 61 80 5
579 -936 85 59
342 688 90 97
-258 144 76 25
203 -997 30 83
-78 311 16 94
-113 515 36 79
-286 680 94 78
927 -106 5 46
-608 -774 66 64
16 -349 97 30
-635 222 61 51
-151 956 23 8
-818 -85 16 83
696 777 53 22
226 -856 9 73
-723 435 11 10
225 187 23 91
605 220 26 5
-459 -111 8 18
-839 219 5 28
-116 -555 30 82
-1 587 14 95
740 -339 37 22
21 360 60 33
69 505 55 98
497 -140 51 24
-211 -552 3 17
-626 -913 21 36
787 -240 44 9
209 739 12 9
-354 -488 56 98
596 -488 20 83
998 647 52 64
947 -626 34 87
-831 -168 27 93
-131 -913 94 13
562 -768 30 68
-246 998 48 28
-857 -306 23 91
-757 -968 52 88
28
-129 -175 80 52
396 769 7 43
168 140 36 9
-250 -956 12 22
86 475 19 31
-544 -941 26 32
347 547 7 84
-765 -101 85 74
-389 -631 96 15
91 -485 48 12
-919 -471 23 52
764 -110 14 66
-86 -640 73 38
-902 -935 15 40
345 -681 85 87
787 925 31 10
447 -546 80 27
472 -196 25 32
43 381 22 44
116 235 22 6
-765 547 11 90
426 962 45 42
-131 779 59 17
984 -305 7 23
496 373 47 52
845 -778 85 95
-438 776 47 16
770 524 74 84
12
851 -53 86 57
-95 -4 59 18
616 241 73 45
155 239 89 45
512 -274 16 89
-106 570 19 7
154 724 22 68
-46 950 54 2
-90 -588 52 87
182 -204 97 70
342 -438 100 24
995 -800 22 26
11
-549 -312 72 81
-67 406 60 7
-696 706 73 4
-764 -787 13 12
986 221 15 66
-754 259 64 86
30 896 88 68
-71 -921 42 74
38 338 6 36
916 -901 86 84
543 803 54 77
49
-590 -658 3 42
764 -496 51 62
-754 562 26 72
-474 -230 91 9
-331 126 43 30
-858 -96 49 59
-991 826 88 58
55 -958 23 28
163 192 80 35
316 599 9 69
-605 -40 74 35
701 684 30 23
482 442 12 90
-954 604 82 61
18 329 13 91
330 -248 58 15
-621 -423 50 36
228 -370 60 45
924 17 50 31
-796 -533 77 89
-760 -321 84 68
187 455 43 63
26 -363 20 46
-399 644 92 92
-663 -943 26 96
571 673 19 55
698 -160 49 5
-143 -1000 99 10
224 338 31 97
526 -798 57 28
-778 712 5 57
552 -385 47 74
577 539 91 50
-50 282 47 90
331 948 33 38
826 -989 47 43
961 890 63 64
-203 902 47 61
-242 -592 34 83
333 -134 39 13
-785 397 94 11
340 -578 65 72
-103 104 74 31
302 743 89 62
-252 -208 49 16
89 756 78 28
-420 -748 86 40
572 64 60 92
112 -23 36 99
47
639 -707 40 84
580 953 49 39
164 383 71 100
-904 236 90 60
-916 -775 94 4
-539 -859 45 86
315 -333 6 66
157 -628 62 62
-328 -143 33 53
599 517 47 36
-270 -267 12 53
299 -187 98 65
-262 445 35 67
407 789 52 85
282 -975 2 11
-753 33 95 94
839 909 86 85
-732 846 34 9
30 -122 60 26
213 -346 71 34
987 27 15 61
-778 933 42 38
712 201 62 84
948 -178 53 6
-11 -676 60 91
-497 415 65 9
-286 -440 15 27
-91 989 30 33
192 -533 1 64
-888 443 3 100
427 -708 11 11
129 557 87 76
-504 763 75 78
589 -979 39 1
-926 -64 36 34
-853 881 44 49
422 -958 43 54
286 5 40 86
242 856 45 87
-340 582 66 69
-825 754 56 82
-377 967 83 97
374 650 51 13
410 -435 51 55
828 798 7 91
-102 879 71 89
-136 592 34 79
0