6
-5 5
-1 5
-5 2
3  4
4 -3
-1 -5
5
10 49
46 19
50 1
-34 -36
-17 47
14
39 31
46 19
7 -50
49 10
-38 32
-50 5
-15 48
-47 18
35 36
37 -34
21 46
-10 -49
0 50
-32 38
200
59 -4189
82 4879
82 -4879
46 -3565
80 -4840
2 -199
74 4699
14 1309
37 -3034
68 -4522
45 -3510
43 -3397
67 4489
32 2704
18 1647
44 -3454
47 -3619
46 3565
52 -3874
86 4945
68 4522
100 5050
61 -4270
98 5047
5 -490
99 5049
11 -1045
6 585
88 -4972
16 -1480
36 -2970
71 -4615
73 -4672
27 -2349
14 -1309
42 3339
24 -2124
64 -4384
86 -4945
59 4189
70 -4585
62 -4309
96 5040
58 -4147
76 4750
29 2494
75 -4725
12 1134
72 -4644
28 2422
33 -2772
90 4995
89 4984
83 -4897
56 4060
60 -4230
10 -955
23 2047
74 -4699
78 -4797
15 -1395
35 -2905
95 -5035
9 -864
55 4015
94 5029
95 5035
7 -679
24 2124
96 -5040
26 2275
26 -2275
20 -1810
12 -1134
8 772
42 -3339
39 -3159
63 -4347
100 -5050
43 3397
51 -3825
72 4644
73 4672
98 -5047
58 4147
76 -4750
28 -2422
90 -4995
41 -3280
50 3775
77 -4774
51 3825
30 -2565
25 2200
54 -3969
20 1810
33 2772
81 4860
65 -4420
91 -5005
63 4347
17 -1564
31 -2635
65 4420
10 955
25 -2200
13 1222
38 -3097
31 2635
92 -5014
16 1480
64 4384
75 4725
69 4554
22 -1969
57 -4104
52 3874
41 3280
2 199
53 -3922
6 -585
11 1045
5 490
39 3159
91 5005
3 297
97 -5044
99 -5049
1 -100
49 3724
40 3220
71 4615
79 4819
37 3034
4 394
22 1969
81 -4860
93 -5022
55 -4015
87 4959
83 4897
88 4972
84 4914
85 4930
78 4797
35 2905
60 4230
34 -2839
85 -4930
38 3097
48 -3672
36 2970
56 -4060
57 4104
32 -2704
50 -3775
4 -394
79 -4819
7 679
84 -4914
9 864
70 4585
1 100
19 1729
93 5022
80 4840
77 4774
30 2565
87 -4959
61 4270
67 -4489
53 3922
89 -4984
94 -5029
15 1395
17 1564
92 5014
21 1890
23 -2047
18 -1647
3 -297
13 -1222
44 3454
69 -4554
97 5044
45 3510
8 -772
66 -4455
21 -1890
62 4309
54 3969
19 -1729
48 3672
40 -3220
29 -2494
34 2839
27 2349
66 4455
49 -3724
47 3619
656
-8991 -46
-8488 333
-7398 570
4554 863
-6677 -671
-8711 252
-8953 103
2624 957
4299 879
-5345 805
8911 -141
-7435 -564
2956 -945
-5208 -816
-941 995
8903 -147
-8812 -204
-6315 -713
-8736 -241
1578 -985
2877 -948
-6175 -728
8999 -18
-1525 986
-8736 241
-8965 -89
7838 -492
-283 1000
8812 204
4748 850
8738 -240
8981 66
8974 77
-6851 -649
4704 853
4645 -857
-8760 -230
-8939 117
8446 346
-5948 751
-2019 -975
-4477 868
850 -996
7755 508
-3951 899
5477 -794
-1300 -990
-8839 -189
8978 71
283 1000
-2205 -970
-851 -996
-8916 -137
-8760 230
3661 -914
6222 723
8388 363
-8093 -438
8969 84
8939 117
6789 657
-8929 126
-8412 356
8170 420
3721 -911
-5570 786
942 -995
7685 -521
2711 954
8601 295
5604 -783
8446 -346
-7283 588
-1676 983
-8823 198
2240 969
-8965 89
9000 10
-8997 -28
-6156 -730
-490 999
-7315 -583
-2019 975
8567 307
-5671 -777
8960 95
-5604 -783
-2903 -947
-8747 236
2565 959
6851 649
-8711 -252
-1768 -981
5370 803
-7398 -570
-4904 839
5119 823
-2058 974
8997 28
-8995 35
3895 902
-1856 979
-8993 41
3058 -941
6789 -657
8102 436
-8916 137
4397 873
5321 -807
-752 -997
-6241 721
8381 365
-8888 -158
2823 -950
-7956 468
-5106 -824
2309 967
4704 -853
-8974 77
-942 -995
-3204 935
-2956 -945
-4130 889
-8985 -59
-8282 392
-2205 970
-2654 956
-3058 -941
7379 -573
-6175 728
-8507 -327
-8652 -276
2058 -974
-6620 -678
-7838 492
-7932 473
8907 144
-8316 -383
5948 751
-3641 -915
-1979 -976
-7142 -609
-8988 -53
1676 -983
-8374 -367
5106 -824
-5119 823
8687 -262
2956 945
4904 -839
-5296 -809
-6324 712
8987 -55
3600 -917
7932 473
8960 -95
7531 -548
7838 492
4059 893
4834 844
-8859 177
-8587 -300
-7441 563
752 997
1100 -993
-6414 -702
-8928 -127
5406 -800
8823 198
-8170 -420
-7932 -473
3895 -902
8762 229
8657 274
-6669 672
6241 -721
4904 839
-6156 730
-3342 929
-8247 -401
7435 -564
-7190 602
-6484 694
5671 777
-7771 -505
4477 -868
-4182 -886
8995 35
-8119 -432
3273 -932
-9000 10
8203 -412
-5013 831
492 999
-8870 170
3495 922
3107 939
3008 -943
-2409 964
-6510 -691
-4834 -844
7217 598
-8823 -198
7802 -499
3107 -939
3204 -935
-2683 -955
-2342 -966
-2982 -944
4414 -872
7776 -504
7797 500
-5948 -751
5671 -777
-3951 -899
-8969 -84
-8991 46
3559 919
8412 -356
-5547 -788
8993 -41
-1578 985
-1979 976
-6889 -644
4477 868
2058 974
8469 339
-8374 367
-8939 -117
-6964 -634
-1418 -988
6175 -728
6156 730
8219 408
8736 241
-8170 420
7163 606
3058 941
-4130 -889
-8969 84
1360 -989
-2309 967
5477 794
-4477 -868
-6414 702
7257 -592
9000 -10
-6789 657
8247 -401
8839 189
-8999 -18
-4249 -882
7435 564
-6561 685
-8469 339
8987 55
6315 713
-5345 -805
-8976 -74
1023 -994
-7163 606
-2535 -960
-5896 -756
6414 -702
5208 -816
-752 997
-283 -1000
1170 -992
8867 172
-4249 882
-7379 573
7956 -468
8282 -392
-4615 859
-3495 922
-5780 -767
1768 981
-1237 991
8764 -228
-3895 902
5726 -772
-6851 649
7578 -540
-3430 925
-4349 -876
8939 -117
-8469 -339
-633 -998
8928 127
1812 980
-8316 383
-8867 -172
-8981 -66
8071 443
-2472 -962
1898 -978
5547 788
-1527 -986
-7072 619
1578 985
-2654 -956
6315 -713
-8601 295
-8859 -177
3951 -899
8870 -170
-2133 -972
-8243 402
-3008 943
-8601 -295
-8687 262
-3800 907
-1300 990
-8974 -77
6484 -694
-4615 -859
8316 383
-8590 299
-5053 -828
1418 988
-6620 678
-7328 581
1023 994
6156 -730
3721 911
-5406 -800
-7797 500
-4508 866
8965 -89
4615 -859
-7755 -508
8839 -189
7257 592
7163 -606
7283 588
3951 899
-6098 736
6098 -736
-4645 857
7549 545
-8808 206
-5875 758
7893 -481
6889 -644
7646 528
8469 -339
2535 -960
2982 944
-2851 949
-2058 -974
-5791 766
5246 -813
8952 -104
7404 569
-1100 993
-4762 849
-8639 281
-6222 -723
5170 819
635 -998
1856 -979
-7989 -461
8374 -367
-8652 276
-3600 917
8922 -132
-2133 972
-5170 819
-1100 -993
4986 833
6964 634
750 -997
7058 -621
4130 889
-3452 -924
8711 -252
6278 717
7771 505
-6964 634
-7685 521
-4748 -850
5570 786
-8995 -35
-8412 -356
7612 534
4299 -879
2205 970
2683 -955
3452 -924
2275 -968
-492 -999
-6889 644
8895 153
7379 573
-7888 -482
-1578 -985
6510 -691
-7956 -468
3495 -922
-3342 -929
5958 -750
4182 -886
2535 960
-5053 828
5013 -831
3204 935
7932 -473
-8960 95
-4059 -893
-2956 945
-8388 -363
6964 -634
8991 46
-5715 773
1472 -987
4777 848
8026 453
-6510 691
5791 766
6175 728
-7257 -592
8080 -441
-5406 800
7283 -588
7685 521
8316 -383
-4704 -853
8965 89
8412 356
-7190 -602
-4508 -866
-1021 994
1237 -991
-5715 -773
5896 756
-2683 955
8974 -77
6669 -672
8929 -126
-3701 912
-7531 548
5791 -766
-7893 481
6677 671
5406 800
1979 -976
-7771 505
1812 -980
8854 180
-3107 939
-1170 992
2133 972
2309 -967
8102 -436
2409 -964
8363 370
-6484 -694
7398 -570
-8981 66
8862 -175
-1360 989
-4834 844
1472 987
8590 -299
6843 -650
-8899 150
-6789 -657
8567 -307
8997 -28
-2275 968
-3495 -922
-4414 872
8999 18
-5477 794
-1898 -978
-1676 -983
-8993 -41
-7058 -621
4508 -866
-7685 -521
3342 929
7755 -508
-2309 -967
8601 -295
1100 993
-8911 -141
8888 158
-8567 -307
-7646 528
8888 -158
-8446 -346
-4554 -863
5896 -756
8995 -35
-3250 -933
3641 915
-4777 -848
-8639 -281
635 998
8639 -281
1979 976
-8102 436
-7989 461
8282 392
-7797 -500
-4704 853
7888 482
1300 990
7712 516
-8907 144
6553 -686
1722 -982
-7217 -598
8388 -363
-8026 453
-8888 158
4059 -893
4834 -844
2654 -956
492 -999
-8985 59
-5106 824
3800 -907
-1856 -979
-8203 -412
-1237 -991
-1418 988
2342 966
2133 -972
8687 262
-4349 876
8170 -420
-2823 -950
-6098 -736
-5570 -786
-8567 307
6414 702
8993 41
7646 -528
6510 691
-8026 -453
-3895 -902
-4645 -857
6644 675
-4059 893
5053 -828
4630 858
-4904 -839
6449 698
-7646 -528
5570 -786
2851 949
8981 -66
280 -1000
7994 460
-7379 -573
-3760 -909
-2565 959
8639 281
-7015 627
-8997 28
-8388 363
4349 -876
2440 963
-5477 -794
8026 -453
8916 137
3818 906
-7549 -545
7328 581
-6553 -686
-3876 -903
6919 640
-2535 960
-7270 -590
-2565 -959
3364 -928
1854 979
-8953 -103
-7257 592
7190 -602
3452 924
-5296 809
-8895 -153
-7712 -516
7015 -627
-8215 409
-848 996
-3155 -937
3760 909
6553 686
5726 772
5321 807
-8718 -249
4508 866
-8513 325
-7578 540
-8978 71
-8999 18
8986 -57
7058 621
-1768 981
8590 299
850 996
-5170 -819
-8071 -443
-9000 -10
-8988 53
1170 992
5547 -788
-1170 -992
-3641 915
-7015 -627
-635 998
-7838 -492
1527 -986
4182 886
4615 859
942 995
8812 -204
-7755 508
8243 402
8507 327
-7578 -540
1676 983
8747 236
-8080 441
-3721 -911
4130 -889
-8282 -392
8991 -46
-5812 -764
-1023 -994
8507 -327
-4554 863
5106 824
-4999 -832
8985 59
-8446 346
8953 103
4748 -850
-8839 189
8823 -198
8652 -276
6098 736
5246 813
-8922 132
-3600 -917
2565 -959
5119 -823
2205 -970
8978 -71
1300 -990
8718 249
-8687 -262
3559 -919
-1